0.000000000000000000e+00
4.552731113323765842e-08
2.203759316799345246e-07
4.650960280726961727e-07
7.455941758943395773e-07
1.061618202384558770e-06
1.379390642584423953e-06
1.671300696809526726e-06
1.920468854435100459e-06
2.115511469047514635e-06
2.262524581822447876e-06
2.375912440275626859e-06
2.477065141560794297e-06
2.587382531435204940e-06
2.719300412795400112e-06
2.882611105145279796e-06
3.088644624093590834e-06
3.240559405857335793e-06
3.303071143121615945e-06
3.784870662211067537e-06
4.082819983268526668e-06
3.565421617492916162e-06
3.663012343034582984e-06
3.702292210776085908e-06
4.146111084576530403e-06
4.378504644854491916e-06
4.673392493166367215e-06
4.605652487639707154e-06
4.624922847919443195e-06
4.424478764818104437e-06
4.405655780010902283e-06
4.397237874706782050e-06
4.483465881957930464e-06
4.745301942186986511e-06
4.947079431141778981e-06
5.261706302597347272e-06
5.578529815131381886e-06
5.850410198452583963e-06
6.111860495569596873e-06
6.358502436299455928e-06
6.612999668583717618e-06
6.790680384569248538e-06
6.805097966610650513e-06
6.445939495114892604e-06
6.273871985583123419e-06
6.146036764759937694e-06
6.183466966517523565e-06
6.313947706367014994e-06
6.374766885668212840e-06
6.336441700817900182e-06
0.000000000000000000e+00
